,station
0,3527.7234351
1,7055.4468702
2,10583.1703053
3,14110.8937404
4,17638.6171755
5,21166.3406106
6,24694.0640457
7,28221.7874808
8,31749.5109159
9,35277.234351
10,38804.9577861
11,42332.6812212
12,45860.4046563
13,49388.1280914
14,52915.8515265
15,56443.5749616
16,59971.2983967
17,63499.0218318
18,67026.7452669
19,70554.468702
20,74082.1921371
21,77609.9155722
22,81137.6390073
23,84665.3624424
24,88193.0858775
25,91720.8093126
26,95248.5327477
27,98776.2561828
28,102303.979618
29,105831.703053
30,109359.426488
31,112887.149923
32,116414.873358
33,119942.596793
34,123470.320228
35,126998.043664
36,130525.767099
37,134053.490534
38,137581.213969
39,141108.937404
40,144636.660839
41,148164.384274
42,151692.107709
43,155219.831144
44,158747.554579
45,162275.278015
46,165803.00145
47,169330.724885
48,172858.44832
49,176386.171755
50,179913.89519
51,183441.618625
52,186969.34206
53,190497.065495
54,194024.78893
55,197552.512366
56,201080.235801
57,204607.959236
58,208135.682671
59,211663.406106
60,215191.129541
61,218718.852976
62,222246.576411
63,225774.299846
64,229302.023281
65,232829.746717
66,236357.470152
67,239885.193587
68,243412.917022
69,246940.640457
70,250468.363892
71,253996.087327
72,257523.810762
73,261051.534197
74,264579.257632
75,268106.981068
76,271634.704503
77,275162.427938
78,278690.151373
79,282217.874808
80,285745.598243
81,289273.321678
82,292801.045113
83,296328.768548
84,299856.491983
85,303384.215419
86,306911.938854
87,310439.662289
88,313967.385724
89,317495.109159
90,321022.832594
91,324550.556029
92,328078.279464
93,331606.002899
94,335133.726334
95,338661.44977
96,342189.173205
97,345716.89664
98,349244.620075
99,352772.34351
100,356300.066945
101,359827.79038
102,363355.513815
103,366883.23725
104,370410.960685
105,373938.684121
106,377466.407556
107,380994.130991
108,384521.854426
109,388049.577861
110,391577.301296
111,395105.024731
112,398632.748166
113,402160.471601
114,405688.195036
115,409215.918472
116,412743.641907
117,416271.365342
118,419799.088777
119,423326.812212
120,426854.535647
121,430382.259082
122,433909.982517
123,437437.705952
124,440965.429387
125,444493.152823
126,448020.876258
127,451548.599693
128,455076.323128
129,458604.046563
130,462131.769998
131,465659.493433
132,469187.216868
133,472714.940303
134,476242.663738
135,479770.387174
136,483298.110609
137,486825.834044
138,490353.557479
139,493881.280914
140,497409.004349
141,500936.727784
142,504464.451219
143,507992.174654
144,511519.898089
145,515047.621525
146,518575.34496
147,522103.068395
148,525630.79183
149,529158.515265
150,532686.2387
151,536213.962135
152,539741.68557
153,543269.409005
154,546797.13244
155,550324.855876
156,553852.579311
157,557380.302746
158,560908.026181
159,564435.749616
160,567963.473051
161,571491.196486
162,575018.919921
163,578546.643356
164,582074.366792
165,585602.090227
166,589129.813662
167,592657.537097
168,596185.260532
169,599712.983967
170,603240.707402
171,606768.430837
172,610296.154272
173,613823.877707
174,617351.601143
175,620879.324578
176,624407.048013
177,627934.771448
178,631462.494883
179,634990.218318
180,638517.941753
181,642045.665188
182,645573.388623
183,649101.112058
184,652628.835494
185,656156.558929
186,659684.282364
187,663212.005799
188,666739.729234
189,670267.452669
190,673795.176104
191,677322.899539
192,680850.622974
193,684378.346409
194,687906.069845
195,691433.79328
196,694961.516715
197,698489.24015
198,702016.963585
199,705544.68702
200,709072.410455
201,712600.13389
202,716127.857325
203,719655.58076
204,723183.304196
205,726711.027631
206,730238.751066
207,733766.474501
208,737294.197936
209,740535.980408
210,743023.932916
211,745059.76275
212,746603.086068
213,747470.478265
214,747825.328925
215,747825.328925
216,747825.328925
217,747825.328925
218,747825.328925
219,747825.328925
220,747825.328925
221,747825.328925
222,747825.328925
223,747825.328925
224,747825.328925
225,747825.328925
226,747825.328925
227,747825.328925
228,747825.328925
229,747825.328925
230,747825.328925
231,747825.328925
232,747825.328925
233,747825.328925
234,747825.328925
235,747825.328925
236,747825.328925
237,747825.328925
238,747825.328925
239,747825.328925
240,747825.328925
241,747825.328925
242,747825.328925
243,747825.328925
244,747825.328925
245,747825.328925
246,747825.328925
247,747825.328925
248,747825.328925
249,747825.328925
250,747825.328925
251,747825.328925
252,747825.328925
253,747825.328925
254,747825.328925
255,747825.328925
256,747825.328925
257,747825.328925
258,747825.328925
259,747825.328925
260,747825.328925
261,747825.328925
262,747825.328925
263,747825.328925
264,747825.328925
265,747825.328925
266,747825.328925
267,748193.682227
268,749260.972781
269,751009.605947
270,753367.225812
271,756343.904485
272,759871.627921
273,763399.351356
274,766927.074791
275,770454.798226
276,773982.521661
277,777510.245096
278,781037.968531
279,784565.691966
280,788093.415401
281,791621.138836
282,795148.862272
283,798676.585707
284,802204.309142
285,805732.032577
286,809259.756012
287,812787.479447
